0 Clear Label 0 0 0 255
1 BA 255 0 182 255
2 R-P1P2 0 159 255 255
3 L-P1P2 154 77 66 255
4 R-ICA 0 255 190 255
5 R-M1 120 63 193 255
6 L-ICA 31 150 152 255
7 L-M1 255 172 253 255
8 R-Pcom 177 204 113 255
9 L-Pcom 241 8 92 255
10 Acom 254 143 66 255
11 R-A1A2 221 0 255 255
12 L-A1A2 77 62 2 255
13 R-A3 255 0 0 255
14 L-A3 0 255 0 255
15 3rd-A2 2 173 36 255
16 3rd-A3 0 0 255 255
17 R-M2 255 255 0 255
18 R-M3 0 255 255 255
19 L-M2 255 0 255 255
20 L-M3 255 239 213 255
21 R-P3P4 0 0 205 255
22 L-P3P4 205 133 63 255
23 R-VA 210 180 140 255
24 L-VA 102 205 170 255
25 R-SCA 0 0 128 255
26 L-SCA 0 139 139 255
27 R-AICA 46 139 87 255
28 L-AICA 255 228 225 255
29 R-PICA 106 90 205 255
30 L-PICA 221 160 221 255
31 R-AChA 233 150 122 255
32 L-AChA 165 42 42 255
33 R-OA 255 250 250 255
34 L-OA 147 112 219 255
35 VoG 218 112 214 255
36 StS 75 0 130 255
37 ICVs 255 182 193 255
38 R-BVR 60 179 113 255
39 L-BVR 255 235 205 255
40 SSS 255 228 196 255